15
0 0 0 0 0 0 0 0 0 0 0 0 0 0 0 0 0 0 0 0 0 0 0 0 0 0 0 0 0 0 0 0 0 0 0 0 0 0 0 0 0 0 0 0 0 0 0 0 0 0 0 0 0 0 0 0 0 0 0 0 0 0 0 0
-0.100000001 -0.100000001 -0.100000001 -0.100000001 -0.100000001 -0.100000001 -0.100000001 -0.100000001 -0.100000001 -0.100000001 -0.100000001 -0.100000001 -0.100000001 -0.100000001 -0.100000001 -0.100000001 -0.100000001 -0.100000001 -0.100000001 -0.100000001 -0.100000001 -0.100000001 -0.100000001 -0.100000001 -0.100000001 -0.100000001 -0.100000001 -0.100000001 -0.100000001 -0.100000001 -0.100000001 -0.100000001 -0.100000001 -0.100000001 -0.100000001 -0.100000001 -0.100000001 -0.100000001 -0.100000001 -0.100000001 -0.100000001 -0.100000001 -0.100000001 -0.100000001 -0.100000001 -0.100000001 -0.100000001 -0.100000001 -0.100000001 -0.100000001 -0.100000001 -0.100000001 -0.100000001 -0.100000001 -0.100000001 -0.100000001 -0.100000001 -0.100000001 -0.100000001 -0.100000001 -0.100000001 -0.100000001 -0.100000001 -0.100000001
-1 -1 -1 -1 -1 -1 -1 -1 -1 -1 -1 -1 -1 -1 -1 -1 -1 -1 -1 -1 -1 -1 -1 -1 -1 -1 -1 -1 -1 -1 -1 -1 -1 -1 -1 -1 -1 -1 -1 -1 -1 -1 -1 -1 -1 -1 -1 -1 -1 -1 -1 -1 -1 -1 -1 -1 -1 -1 -1 -1 -1 -1 -1 -1
-3 -3 -3 -3 -3 -3 -3 -3 -3 -3 -3 -3 -3 -3 -3 -3 -3 -3 -3 -3 -3 -3 -3 -3 -3 -3 -3 -3 -3 -3 -3 -3 -3 -3 -3 -3 -3 -3 -3 -3 -3 -3 -3 -3 -3 -3 -3 -3 -3 -3 -3 -3 -3 -3 -3 -3 -3 -3 -3 -3 -3 -3 -3 -3
-5 -5 -5 -5 -5 -5 -5 -5 -5 -5 -5 -5 -5 -5 -5 -5 -5 -5 -5 -5 -5 -5 -5 -5 -5 -5 -5 -5 -5 -5 -5 -5 -5 -5 -5 -5 -5 -5 -5 -5 -5 -5 -5 -5 -5 -5 -5 -5 -5 -5 -5 -5 -5 -5 -5 -5 -5 -5 -5 -5 -5 -5 -5 -5
-4.85026503 -3.53909922 -2.29691482 -4.60373831 -3.22512054 -3.9557395 -0.893030882 -1.75553811 -2.90670466 -1.44117951 -2.26434422 -0.883997619 -1.77633381 -3.10952616 -2.40924191 -2.20400238 -2.03640795 -1.02719295 -3.32519078 -3.92436957 -1.05183232 -3.3836956 -0.548676312 -2.61876035 -1.13010097 -2.79121542 -2.93764472 -3.40972853 -3.72688079 -1.13827813 -4.04946136 -3.15295148 -0.979440749 -0.763631165 -2.40753245 -4.58752918 -2.8601985 -2.40414715 -3.98029304 -1.83985102 -1.36091852 -0.207197428 -3.74344134 -1.70877922 -2.69112515 -2.33182716 -4.3174324 -0.205296874 -4.9863019 -4.39832067 -3.81498575 -1.2794987 -0.948040366 -4.93882322 -3.8980093 -1.80939674 -2.82921934 -3.70599842 -0.0223147273 -2.91802311 -2.84856629 -0.241426647 -0.815022767 -4.99340487
-0.00999999978 -5 -0.00999999978 -0.00999999978 -0.00999999978 -0.00999999978 -0.00999999978 -0.00999999978 -0.00999999978 -0.00999999978 -0.00999999978 -0.00999999978 -0.00999999978 -0.00999999978 -0.00999999978 -0.00999999978 -5 -0.00999999978 -0.00999999978 -0.00999999978 -0.00999999978 -0.00999999978 -5 -5 -0.00999999978 -0.00999999978 -0.00999999978 -5 -0.00999999978 -0.00999999978 -0.00999999978 -0.00999999978 -0.00999999978 -0.00999999978 -5 -5 -0.00999999978 -0.00999999978 -0.00999999978 -0.00999999978 -5 -0.00999999978 -0.00999999978 -0.00999999978 -0.00999999978 -0.00999999978 -5 -0.00999999978 -0.00999999978 -0.00999999978 -0.00999999978 -5 -0.00999999978 -0.00999999978 -0.00999999978 -0.00999999978 -0.00999999978 -0.00999999978 -0.00999999978 -0.00999999978 -5 -0.00999999978 -0.00999999978 -0.00999999978
-0.30526638 -1.12277257 -1.17126262 -0.88549614 -2.78034019 -0.547219276 -2.30456448 -3.54182649 -2.8988812 -2.48333645 -2.55187583 -1.64768815 -3.5910306 -1.92255557 -0.448983997 -0.587279618 -3.20119739 -0.983832896 -2.56223655 -3.55919075 -4.62436152 -4.99849749 -4.46365118 -4.3835988 -4.22485781 -0.772239745 -0.852682173 -4.92099094 -4.06352758 -2.17924523 -2.07160616 -2.14203763 -3.78880835 -4.61256313 -4.82163477 -0.880091548 -4.76947021 -1.56689739 -2.27198839 -1.47776031 -0.937537313 -1.21628833 -1.74648154 -2.22036171 -2.03436399 -1.42969239 -4.01796579 -1.60882926 -1.81951308 -1.49254918 -3.31765437 -1.2758348 -2.0718596 -4.19777441 -3.70916271 -1.4324559 -3.96429443 -2.50058174 -4.4887023 -0.525622904 -2.90456891 -4.93330002 -0.657619238 -1.19568717
-0.00999999978 -0.00999999978 -0.00999999978 -0.00999999978 -0.00999999978 -0.00999999978 -0.00999999978 -0.00999999978 -0.00999999978 -0.00999999978 -0.00999999978 -5 -0.00999999978 -0.00999999978 -0.00999999978 -0.00999999978 -0.00999999978 -0.00999999978 -0.00999999978 -0.00999999978 -0.00999999978 -0.00999999978 -0.00999999978 -0.00999999978 -0.00999999978 -0.00999999978 -5 -0.00999999978 -0.00999999978 -0.00999999978 -0.00999999978 -0.00999999978 -0.00999999978 -0.00999999978 -0.00999999978 -0.00999999978 -0.00999999978 -0.00999999978 -0.00999999978 -0.00999999978 -0.00999999978 -0.00999999978 -0.00999999978 -0.00999999978 -0.00999999978 -0.00999999978 -0.00999999978 -0.00999999978 -0.00999999978 -0.00999999978 -0.00999999978 -0.00999999978 -0.00999999978 -0.00999999978 -5 -0.00999999978 -0.00999999978 -0.00999999978 -5 -0.00999999978 -0.00999999978 -0.00999999978 -0.00999999978 -0.00999999978
-4.58780336 -0.484576076 -3.54375577 -2.70130754 -4.56628895 -2.62856054 -0.602034807 -1.33473659 -3.46389651 -2.3113122 -0.410453826 -3.41500688 -3.09861064 -4.03992796 -3.66419721 -1.83191121 -4.70698023 -0.985246658 -3.78967094 -0.569624841 -3.71995044 -3.53379798 -3.97267127 -3.47663689 -2.11811185 -0.671955526 -4.36291265 -0.123812601 -0.935553491 -2.2211628 -0.143848345 -0.850645244 -2.76487994 -1.63507891 -3.62398314 -1.78074265 -1.84751749 -4.24283314 -1.93769729 -0.703999639 -2.00308442 -0.0856476277 -3.68540764 -3.123842 -2.55586696 -3.07067585 -2.29196644 -1.96608651 -4.58676863 -1.32035923 -2.69151402 -0.651991248 -1.34613466 -2.70914197 -0.256493628 -3.55223107 -1.0949074 -2.55833364 -2.04458928 -3.74242425 -4.64551163 -2.6072948 -3.18899751 -2.86856651
-5 -5 -0.00999999978 -0.00999999978 -0.00999999978 -5 -0.00999999978 -0.00999999978 -0.00999999978 -5 -0.00999999978 -0.00999999978 -5 -0.00999999978 -0.00999999978 -0.00999999978 -0.00999999978 -0.00999999978 -5 -0.00999999978 -0.00999999978 -0.00999999978 -0.00999999978 -0.00999999978 -5 -0.00999999978 -0.00999999978 -5 -0.00999999978 -0.00999999978 -0.00999999978 -0.00999999978 -0.00999999978 -0.00999999978 -0.00999999978 -5 -0.00999999978 -0.00999999978 -0.00999999978 -0.00999999978 -0.00999999978 -0.00999999978 -0.00999999978 -0.00999999978 -0.00999999978 -0.00999999978 -5 -0.00999999978 -5 -0.00999999978 -0.00999999978 -0.00999999978 -0.00999999978 -0.00999999978 -0.00999999978 -0.00999999978 -5 -0.00999999978 -0.00999999978 -0.00999999978 -0.00999999978 -0.00999999978 -0.00999999978 -5
-0.170540974 -1.43370116 -3.86457467 -0.87463516 -3.77684927 -3.04125309 -0.993635774 -2.16707754 -2.02420974 -3.89274764 -0.932417274 -2.97220111 -2.23508883 -1.70978868 -4.8502121 -0.435187608 -0.574485719 -2.66583443 -4.74503851 -0.6362499 -3.29688382 -2.73229742 -0.246120155 -1.32566559 -2.20589113 -0.423163921 -2.16256452 -2.848737 -2.8256743 -3.56860638 -4.19318247 -0.208869755 -0.0212116446 -0.488935471 -0.659025729 -4.30219746 -0.927600324 -2.28942323 -2.42317438 -4.55810881 -2.76395226 -1.94811523 -1.97234297 -2.95800018 -1.7087189 -1.86725771 -3.22971559 -2.91569424 -1.48969495 -0.330121696 -3.40188456 -2.1180346 -3.71895266 -3.22872567 -1.91586125 -3.68445492 -1.7110312 -1.68131936 -1.79152441 -2.20746589 -0.665218472 -1.70040488 -0.0503195301 -0.409185469
-0.00999999978 -0.00999999978 -0.00999999978 -0.00999999978 -0.00999999978 -0.00999999978 -0.00999999978 -0.00999999978 -0.00999999978 -0.00999999978 -5 -0.00999999978 -5 -0.00999999978 -0.00999999978 -0.00999999978 -0.00999999978 -0.00999999978 -0.00999999978 -5 -0.00999999978 -0.00999999978 -0.00999999978 -0.00999999978 -0.00999999978 -0.00999999978 -0.00999999978 -5 -0.00999999978 -0.00999999978 -0.00999999978 -0.00999999978 -5 -0.00999999978 -0.00999999978 -0.00999999978 -5 -5 -0.00999999978 -0.00999999978 -0.00999999978 -0.00999999978 -0.00999999978 -0.00999999978 -5 -0.00999999978 -0.00999999978 -0.00999999978 -0.00999999978 -0.00999999978 -0.00999999978 -0.00999999978 -0.00999999978 -0.00999999978 -0.00999999978 -0.00999999978 -0.00999999978 -0.00999999978 -0.00999999978 -0.00999999978 -5 -0.00999999978 -0.00999999978 -0.00999999978
-2.38554692 -3.6582737 -0.287785172 -4.71578503 -4.74316263 -2.75648618 -2.05041695 -3.7978332 -0.539378881 -2.26526403 -0.88116169 -4.29513597 -2.05072975 -0.022896776 -2.74457788 -1.6995759 -2.01760912 -3.48992896 -2.19895029 -1.12637949 -1.14168167 -2.52762318 -1.77328098 -0.802403569 -3.21390724 -2.47352862 -1.60552549 -0.0351640359 -4.81289577 -2.46509528 -0.786361396 -0.733031809 -2.16831517 -2.90027857 -0.207694128 -2.87517595 -4.89782143 -4.12894821 -1.31333172 -4.0043602 -4.25603771 -3.90102911 -3.22686934 -2.69282007 -0.895865798 -0.93854779 -1.47091711 -2.67964625 -0.546453595 -4.29190397 -4.93189812 -0.620747149 -3.58437967 -0.411212742 -2.41179729 -3.24090886 -4.24232244 -1.85803962 -1.12611985 -2.78938222 -3.79612303 -0.410179853 -1.22693396 -3.70101643
-0.00999999978 -0.00999999978 -0.00999999978 -0.00999999978 -0.00999999978 -0.00999999978 -0.00999999978 -0.00999999978 -0.00999999978 -0.00999999978 -0.00999999978 -0.00999999978 -0.00999999978 -0.00999999978 -5 -0.00999999978 -0.00999999978 -0.00999999978 -0.00999999978 -0.00999999978 -0.00999999978 -0.00999999978 -0.00999999978 -0.00999999978 -5 -0.00999999978 -0.00999999978 -0.00999999978 -5 -0.00999999978 -0.00999999978 -0.00999999978 -0.00999999978 -0.00999999978 -0.00999999978 -0.00999999978 -0.00999999978 -0.00999999978 -0.00999999978 -0.00999999978 -0.00999999978 -5 -0.00999999978 -0.00999999978 -0.00999999978 -0.00999999978 -0.00999999978 -0.00999999978 -0.00999999978 -0.00999999978 -0.00999999978 -0.00999999978 -0.00999999978 -0.00999999978 -5 -0.00999999978 -0.00999999978 -0.00999999978 -0.00999999978 -0.00999999978 -0.00999999978 -0.00999999978 -0.00999999978 -0.00999999978
